Rows=3
Cols=3
Tilt=-0.1153
Pitch=354.421
Center=0.042
ViewPortionElement=0.99976
Subp=0.000130208
FocusSpacingStep=0.001
CameraSpacingStep=0.001
