Rows=9
Cols=5
Tilt=-0.0734193
Pitch=673.603
Center=-0.0525362
ViewPortionElement=0.99976
Subp=0.0000868056
InitCameraSpacing=-47.0
InitFocusSpacing=-20.0
FocusSpacingStep=0.0002
CameraSpacingStep=0.01
Quilt=0
